2D CNN (Spectrogram) -- LOSO Results
==================================================
Architecture: Conv2D(32)->MaxPool->Conv2D(64)->GAP->Dense(32)->Dense(6)
Input: (17, 17, 3) spectrogram images
Params: 21,670 | Max epochs: 20 | Patience: 3

 Subject   Samples    Accuracy    Epochs
----------------------------------------
       1       347      0.7522        20
       2       302      0.7152        20
       3       341      0.7302        20
       4       317      0.7319        20
       5       302      0.6788        20
       6       325      0.6400        13
       7       308      0.7565        20
       8       281      0.4947        12
       9       288      0.5035         7
      10       294      0.6122        20
      11       316      0.6361        20
      12       320      0.7406        20
      13       327      0.6728        20
      14       323      0.5975        12
      15       328      0.6250        15
      16       366      0.5874        15
      17       368      0.6332        19
      18       364      0.4918        11
      19       360      0.4361         5
      20       354      0.7147        20
      21       408      0.7034        20
      22       321      0.3583         6
      23       372      0.7930        20
      24       381      0.6640        20
      25       409      0.5550        17
      26       392      0.6199        17
      27       376      0.6489        20
      28       382      0.6963        20
      29       344      0.4419         7
      30       383      0.6057        13
----------------------------------------

Mean accuracy:    0.6279 +/- 0.1049
Overall accuracy: 0.6287

--- Baselines ---
RF:       0.8988
1D CNN:   0.9330
LSTM:     0.9100
2D CNN:   0.6279
