1D CNN (Normalized) -- LOSO Results
==================================================
Preprocessing: Subject-wise Z-score normalization
Architecture: Conv1D(64)->MaxPool->Conv1D(128)->MaxPool->GAP->Dense(64)->Dense(6)
Params: 36,294 | Max epochs: 20 | Patience: 3

 Subject   Samples     Raw Acc    Norm Acc       Delta
--------------------------------------------------
       1       347      1.0000      0.9827     -0.0173
       2       302      0.9073      1.0000     +0.0927
       3       341      1.0000      0.9971     -0.0029
       4       317      0.9558      0.9401     -0.0157
       5       302      0.8444      0.8841     +0.0397
       6       325      0.9662      0.9969     +0.0307
       7       308      0.9578      0.9805     +0.0227
       8       281      0.9502      0.9466     -0.0036
       9       288      0.8507      0.8194     -0.0313
      10       294      0.7075      0.8095     +0.1020
      11       316      1.0000      0.9842     -0.0158
      12       320      0.9906      1.0000     +0.0094
      13       327      0.9755      1.0000     +0.0245
      14       323      0.6935      0.9319     +0.2384
      15       328      1.0000      1.0000     +0.0000
      16       366      0.7732      0.8060     +0.0328
      17       368      0.9538      0.9647     +0.0109
      18       364      0.9945      1.0000     +0.0055
      19       360      0.9972      1.0000     +0.0028
      20       354      1.0000      0.9831     -0.0169
      21       408      0.9828      0.9951     +0.0123
      22       321      1.0000      1.0000     +0.0000
      23       372      0.9462      0.9435     -0.0027
      24       381      1.0000      1.0000     +0.0000
      25       409      0.8460      1.0000     +0.1540
      26       392      0.9974      0.9439     -0.0535
      27       376      1.0000      1.0000     +0.0000
      28       382      0.8455      0.8953     +0.0498
      29       344      0.9157      1.0000     +0.0843
      30       383      0.9373      0.9243     -0.0130
--------------------------------------------------

Raw CNN mean:        0.9330 +/- 0.0863
Normalized CNN mean: 0.9576 +/- 0.0585
Delta:               +0.0246
