LSTM -- LOSO Results
==================================================
Architecture: LSTM(64) -> Dropout(0.3) -> Dense(32) -> Dense(6)
Params: 21,222 | Max epochs: 20 | Patience: 3

 Subject   Samples    Accuracy    Epochs
----------------------------------------
       1       347      1.0000        19
       2       302      0.8808        13
       3       341      0.9883        12
       4       317      0.9685        15
       5       302      0.8510         9
       6       325      0.9908        17
       7       308      0.9805        19
       8       281      0.9181        10
       9       288      0.6493         5
      10       294      0.6395         8
      11       316      0.9968        11
      12       320      0.9906        12
      13       327      0.9633        12
      14       323      0.6192         6
      15       328      0.9665        11
      16       366      0.6448         8
      17       368      0.9565        10
      18       364      0.9588        12
      19       360      0.9889         8
      20       354      0.9859        13
      21       408      0.8848         9
      22       321      1.0000        11
      23       372      0.9435        13
      24       381      1.0000        18
      25       409      0.8778         8
      26       392      0.9974        14
      27       376      1.0000        19
      28       382      0.7906         9
      29       344      0.9448         9
      30       383      0.9217        11
----------------------------------------

Mean accuracy:    0.9100 +/- 0.1178
Overall accuracy: 0.9124
RF baseline:      0.8988
CNN baseline:     0.9330
vs RF:            +0.0112
vs CNN:           -0.0230
